0.09985226247484832
0.11933013896224003
0.05939555455068723
-0.16899683091504886
-0.30961738263006222
-0.28327237260500965
-0.10839445677892826
-0.26878063233842731
-0.25787553730198870
-0.41315909008894330
-0.54958546952035237
-0.53285649843608029
-0.92690306912012543
-0.64474968339753747
-0.50221960574318114
-0.54620076840601339
-0.51037136996085286
-0.32140320250390342
-0.19144203396637424
-0.36155877082623172
-0.30570016026785363
-0.48553785884835049
-1.04486511667429793
-1.13964214167970068
-1.22303646619215645
-0.83097926278128331
-0.89071963915699515
-0.88114071569634378
-0.81705433524010707
-0.99193067603461760
-1.04710411391587233
-1.22787768271200548
-1.10581910632114866
-1.23803729124296713
-1.16252988746212838
-1.30869456436744658
-1.53917870766987219
-1.38110697446897968
-1.37207446487179796
-1.26731677476946047
-1.32800097370999470
-1.17873529219688922
-1.20374141693361691
-1.24889716873796774
-1.33249937179227573
-1.41482303722830971
-1.48120032958218117
-1.50830310077537000
-1.48461018661845912
-1.63773761886135860
