-0.85472426796836531
0.54999818806213319
-0.68397021552095261
-0.67992704234520585
1.36414513111565872
0.31256150135279948
0.40982994874605461
-0.62613507847847250
-0.02826155746129967
0.51204067359579886
0.09332533503794835
0.59639573741235452
0.01247063994817535
-0.12382670532300442
-0.26234568477580716
-0.16655527238979317
1.38222438301468764
-0.03919636003853887
-0.29586154856938851
0.55786388186280189
0.20723378941953416
-0.58792115548892854
-0.10459917043679731
-0.18804578601532043
0.03198364564140384
-0.03626916675556785
0.11850241208228210
0.15131544155309426
-0.23268614327353018
0.09345684258669888
-0.43068779245157068
0.02539036307786303
1.01196409917309538
-0.08953949748630710
0.20637918296111360
-0.49418438352116029
-0.05957005177752348
-0.06034717341482976
0.06199242736884879
0.22706321268572716
-0.08442417571609716
-0.37095590536382184
0.16188006500960764
0.11768330708711688
-0.40535109757415838
-0.03628116378572352
-0.04492516957103392
-0.15999463269853625
0.16638728497395988
-0.19861476129417574
