-0.01273546266365421
-0.00700020807960713
0.09157175678498719
0.14915406471047182
0.06141108204417331
0.07133918004673828
0.17110136721486982
0.14848588937672633
-0.06122330557460620
0.09933037260997910
0.20683087769362396
0.50583390198817613
0.65301526986659664
0.74932368172402841
0.90682304872044095
1.00097142563692110
0.91264516626352510
1.01997005139116093
1.01600861517052232
1.31377881226551851
1.35838423954980669
1.10593758822428945
1.10490578267019934
0.75403257188881567
0.58137734804770536
0.45708627839931382
0.74513158713711491
0.74151940579706310
0.69488806454618723
0.80084897382244224
0.87302381883637814
0.82292604892025356
0.75244728970957908
0.55439306141393030
0.37902896209380355
0.24628609595259310
0.22230560595447521
0.05140062155244188
-0.13364474720129657
-0.31616548348570395
-0.34848343953648864
-0.51382331397370673
-0.29495560072492988
-0.17002738378582433
-0.20665064284802648
-0.29005832262670905
-0.37736571317505851
-0.41682067826083075
-0.24294976706776170
-0.26407485020252136
