0.10033525667001392
-0.39911302408930593
-0.74971340814024579
0.68128782373066232
-0.12556949516710292
-0.09258023385585444
0.39275142829853332
0.49421701856568412
0.18529561827971516
-0.77220406008603826
0.48635447203003934
-0.24058820839481770
0.81636146549130051
-0.92905006893354702
0.90022974228596742
-1.05819676877993252
0.19634536098255417
-1.37878234656795828
0.70771168178229515
1.13375440863625276
-0.50582137256675885
0.11588126658087380
-0.02724470001918166
0.08362134452445200
0.89462955620115681
-1.04651320497379441
0.00237057473838737
-1.23519576265365605
0.17035156314587813
0.40386003491165662
-0.27749338305395793
-0.62687481360458108
-1.19313260131252075
0.22901486350783298
0.13854539915340564
-0.62025622714782369
-0.22283626802707449
-0.13502367321773071
-0.41159323990923830
0.65501417983316435
0.02976711602058338
-0.55312787532453833
-0.75638935763561166
0.50289754888767346
1.11711879923485613
0.32641100715781052
0.67121305080696281
0.00994419535196572
-0.13369291363858418
0.71319149015929784
