0.35750140156822741
0.41793085207530295
0.91801943911531203
0.80793812449091196
0.88831751347749366
0.67353297894918185
0.93407044667542327
0.82499112116728168
1.18147151168263287
0.93968969318133477
0.65064337130460015
0.66963141769832135
0.69201717732240975
0.63637307412972122
0.80591142618383971
0.93184203817378930
0.79797852534897395
1.00602758544587623
1.09168437340625601
1.16419313349375142
1.20490925085280676
1.10719240256666462
1.01717387118970937
0.95988158620980113
1.14250185570648943
0.97450300880257246
0.83666897812197938
0.78632025917120441
0.74069482486937477
0.85947835954344687
0.80804956131983674
0.96777301008194039
0.84440732583780687
0.69434457139220174
0.39885556204914341
0.49470199109351198
0.41849792901931893
0.49993121302021037
0.56541197570509372
0.61928585349502818
0.79103257426994233
0.99432655854550855
1.07093942889051297
1.21310216786842884
0.93881253275485044
0.96820789822808007
1.20833535734886333
1.27881370933285887
1.53568902543091523
1.69087480239205190
1.66873875667153082
1.76872566238975892
1.75512629020114419
1.91580141272384585
1.75540070446222374
1.51700188072597486
1.61891775973925212
1.92943776094134978
1.95305117232340653
2.08448175189282026
1.92692049332427184
1.81155471394411993
1.84952442774384429
1.60695797794017259
1.62024524125244174
1.68445007357502430
1.68473601638476778
1.90304248232132656
1.86125660472661436
2.14221942003155830
2.27822386814797317
2.25537933270577806
2.16927978610474748
1.87971062266085154
1.56724361944328594
1.61514282264887044
1.60115045191471439
1.69329323271774590
1.78629726577163295
1.93661369087445334
2.23929279765238087
2.20494538979031551
2.15788379792298235
1.94746602588273388
1.99522496385333170
1.78494034226013132
1.89890328510889406
1.67843100076876306
1.79700939923305758
1.64040760101839211
1.68671498860686619
1.56247381094775273
1.48301096153426459
1.30512778569264243
1.40451017271945422
1.30908742644977538
1.21013018806845829
1.25579745018169664
1.14554821225824632
1.11748104383631119
