-0.15316388300148676
-0.46159392559239704
2.05796782317956728
0.14916100707876553
-0.14884944468173894
0.02588374479210167
1.49951280569009815
0.15420488239786256
-0.88422081212629722
-1.07050390865295975
-0.26098453436410518
0.67266279408620488
-1.16664874421506792
-0.09069973821723233
0.10192068204898888
0.76515916548421015
-0.76972271723932617
0.57193827348952442
0.36564575037736796
-0.08568980823741931
0.91979311107497796
0.89561155886462629
-0.15767260017759988
0.61007066112675512
-0.18910408138170318
-0.48808644065287771
0.39463063633412049
-0.25759048726954425
-1.58751944422562041
-1.18444375105641075
0.59117114582835795
0.58495545703244556
-0.38212351074967871
0.86851948033355675
1.22884588153127128
-0.03066651479532333
1.99589495069936484
0.37672338153079182
-0.35523507848964758
-0.74613699937648381
-0.35085378718661991
0.22517337529307649
-1.00279837270988703
-1.01968201219152665
-0.51867319618570951
-0.83980738004262068
-3.40565380400926720
-1.62411011547555040
0.18602835779222396
0.54153011332754919
-0.98564399126475388
0.44947126339872240
2.10954488501393556
1.65168453124847936
-2.11769973509210985
-0.50121633452764924
-1.75663635842244359
0.73526645968574544
-2.58947094310132009
0.64071581161306279
1.69366455958352802
0.31432035769639455
1.71507817992124356
1.09124941111958296
0.98095861875457346
-2.48012332703147820
0.25296688107519938
-0.20082950465581922
2.10369511311616630
2.45759623791111670
-1.15443748443255090
-4.01700433745549201
4.01838489410237010
-0.37555992245382908
-0.86414532829954704
0.63522347645589150
-1.15693130149836110
-1.10309724266163256
-0.63176097089817251
4.51966996732319259
0.83334981444982414
2.24155304164193492
0.42970436935506073
-3.01005895616841279
-1.87258988474904742
0.45669438411420005
-0.09148199828317424
-0.35641127986152316
1.25627104088966934
-0.02789909712956296
0.85491642600988327
-0.37763272424600325
0.60770994471904516
-1.14401639284169154
0.91168486381371860
0.34170583376185165
-1.35629408269262330
-0.59325258251384227
0.24848864374972424
1.96656865757376664
