0.16663090919401330
0.17960632916190949
0.41196705339285755
0.51530663380856834
0.39470339395034487
0.12819982061806490
0.20489308744900958
0.25422092441111860
0.20506801773511790
0.15435050556360833
0.30213123885712190
0.15661803046469194
0.22559628842659263
0.22874889846549906
0.27854345204424769
0.45554798101183935
0.32264196516007171
0.33343797133220471
0.23572311282830960
0.29075375308341272
0.45570532325587065
0.36288946241654224
0.62399663096986246
0.78115802393579115
0.68354009557217699
0.60893547726810715
0.65184342950847918
0.55690870528242209
0.53429642478225325
0.60387808639076768
0.57089021992434696
0.56302259864865145
0.64693381099174618
0.65169927343241352
0.76440159201612656
0.77775246137380460
0.89542176155529418
0.66742567309482148
0.63549622375521952
0.53877878363319420
0.10947896420817255
-0.06210930870623516
-0.28110085790381273
-0.45336317396362569
-0.42307969396725525
-0.31731801532009413
-0.43742554658053462
-0.47678348954179567
-0.44397201161968686
-0.38171456218225164
-0.36323064185216786
-0.23377716681944088
-0.06580951343007138
-0.14170414521386501
0.14785208860654944
0.25720792362698375
0.65050914352177602
0.55059155133584259
0.84048211328125633
0.89643281032262800
0.82685692042769321
0.84673148658984920
0.79780098856955439
0.73335656233051094
0.94003364949275425
1.30830100082116374
1.18930879353929342
0.97701708715164570
1.33466296828782194
1.14027409589836881
1.47960379267700892
1.17781430143594879
1.22091378327205513
1.06929003720557847
1.13368730758158054
0.97477394288082209
1.11052685460139977
1.07776828721699580
1.23767595815699916
1.43918095354046360
1.32111573405210203
0.99009130179295690
0.91147061125214623
1.09886567399646773
1.00237921563796339
1.13865436868823644
1.18711606118063262
1.09285120802588831
1.18146350772245068
0.95425069622955516
1.23007104817243595
1.04300283026191343
1.24508370929628387
1.14632811722558525
1.14297502112711347
1.28824746736607199
1.22282873268286618
1.25131301070315271
1.33120748567288505
1.43007047868562265
