0.29051324317781424
-0.76701002178351119
-0.74984986297126266
-1.08060113626849441
0.48118320619071542
0.03168453128318560
0.29709915981775753
-0.24574344014189053
-1.16622462599748133
-0.83335921515293276
1.51324548961301963
-0.27259621522499605
-0.24731787677188691
0.88679251144456983
-1.12857799054345231
0.85279129971471468
0.75421311858431261
0.42478530705576106
-0.17764562704012654
0.66559219925359081
-1.00944396945764447
-0.38243006213589997
-0.37530920103745147
-1.06164250050416120
0.46395335422028117
0.16024649003788755
-0.16237504919652138
0.41186771575864778
0.39344771821536240
0.20272213150193052
-0.29675904362015693
0.30620911689679781
-0.19534203889293689
0.04094649424164227
0.36550605351898058
0.22259770355410693
0.62177639987586708
0.71233169789994377
-0.18801956217459437
1.47644495377859353
0.20144942022352733
0.00871841097056393
-0.42785962100981006
0.27232970799357537
-0.16646525761949060
-0.97264302006321735
0.08577664297882455
-0.08500545211639039
0.18901555036079185
1.06426669984251232
-0.09683260294767182
-1.03310646909457327
-0.16841049333279323
0.42688353500359816
0.20210665567465064
1.12444877816222077
0.29727915158873514
0.28158806538865944
-0.07773700482798293
-0.99882902492906356
-0.50629598011595078
0.69730741813210562
-0.93866500501416883
0.02650540482838599
-0.36140595697151168
0.84615150349374435
-1.17879452913220506
0.09080313336882362
-1.30178526629531310
0.00090079006049006
-0.14247363389980638
0.88842107999417586
2.95741338748539784
2.01537575827156656
0.39918036757590236
0.94570327475264948
-1.13060915375871218
-1.60292999750641019
-0.68718657980086162
-2.02612241034013341
-0.54125137563254710
-0.79444232275197135
1.34343222600651302
0.37003303628408962
1.49161621332680783
0.76771558342396540
-1.46729193882255982
1.40105927044166401
-1.81800377759970089
-1.64726826062085774
-3.49647990801112440
0.55668834027556191
-0.03860733887372343
1.22158617878996356
-0.03767221973778186
-0.21415756069381919
-0.96257256081340148
1.38370612160779038
1.32244742958992734
1.91905476283329435
