-0.06479163392841429
-0.26312688539335166
-0.23172129051352300
-0.24157528861110947
-0.40707319737834569
-0.29573502072168417
-0.32959202480296074
-0.23097577284519327
0.00869082753412703
-0.20739631857664570
-0.28593646345784118
-0.35419201616231188
-0.70553943166912725
-0.77175193080781834
-0.45288893326093937
-0.29334053342801225
-0.30672527739078248
-0.08952125387787216
-0.32287528372750102
-0.10420010236182795
-0.01593745536350695
-0.17600978493824071
0.05685456635514169
-0.07929074913145390
-0.03445941708713932
-0.06642442429956323
-0.14380777536903955
-0.22901111550024938
-0.28525142684582133
-0.03530363277959470
0.00371729052683446
0.02998333295459896
-0.07986587367984158
0.05997674489790805
0.20067831058562016
-0.02999487022151962
0.01612915288445354
0.01030169254491952
-0.30087343203522804
-0.24072117847675922
-0.29091017732946611
-0.53077898060554729
-0.41741671678659470
-0.52295071155688788
-0.73712492984967604
-0.88488462792062883
-0.90615151031566021
-0.83418272820265982
-0.61853720020747416
-0.63696794880773666
-0.69833525287692677
-0.99221076617392046
-1.12983024054978332
-1.29690170080018863
-1.31654818403231855
-1.42776010229208583
-1.19665659848899808
-1.36004590978878093
-1.38834120186980914
-1.15457756586491200
-1.33446383939730007
-1.21246733372183990
-1.53064588157296955
-1.68521647608789471
-1.87412387057148799
-1.54307315517318444
-1.64039085464578371
-1.63026611956297685
-1.74608061608820719
-1.78668290791368034
-1.80710692904948256
-1.84886808922240231
-1.49961627118542751
-1.51339308772717107
-1.58868806259126405
-1.44035740028301551
-1.49741746659977282
-1.52244306320539402
-1.57681283306839881
-1.43274332029980034
-1.23057792979915082
-1.31123673828329457
-1.23062071834036479
-1.40194340928040684
-1.52647019808480389
-1.24844003877645648
-1.06650243881728146
-1.44101941078088025
-1.58724949100235935
-1.33365167302480803
-1.22359344137685055
-1.44913291999411831
-1.25726805022640864
-1.36210905990746767
-1.15806691874807144
-1.19923830631598149
-0.97874069590446267
-0.77742204423679628
-0.96671279902437346
-1.06476801440566260
-1.10167466489546606
-1.43505477669879022
-1.24951322864534831
-1.31532867274611465
-1.50738440000185503
-1.42510905146241940
-1.24448788877987737
-1.08871673061655194
-1.14061962297900332
-1.34838787681571981
-1.52335101402886708
-1.76227986397679226
-1.69175322446985765
-1.37556240565338639
-1.55752960234640669
-1.49541827339163480
-1.18111388951303442
-1.17658468045532838
-1.24980065789140737
-1.43589658886073490
-1.51202648660041894
-1.42234611333168592
-0.99626984314098022
-1.03953672775889960
-1.16142024605977423
-1.19022091435351918
-1.44066669130066094
-1.54021651723502040
-1.51079036492818952
-1.33121685527259070
-1.10491085407926293
-0.99286057484799772
-0.84356449873402506
-0.77890503495680818
-0.52463780429248086
-0.93293991074845406
-1.00031884542078475
-0.90535674514058007
-0.76792911668038455
-0.87144389221317475
-0.88377855398363736
-1.07275204608998620
-0.92445811206624673
-0.97264487085893248
-1.11410730545204362
-1.00439810529940443
-0.93148655729358265
-0.87895852195694335
-0.67505270864776112
-0.66031377862669749
-0.65736969626573738
-0.57310229106100630
-0.49648260289308033
-0.43790887519779120
-0.45017879040193259
-0.52455824310510191
-0.48100498772832900
-0.36939902251039763
-0.70870670720486828
-0.80176849484192758
-0.90746127494159601
-0.97373244793573999
-0.85676022688862574
-1.09117124655989794
-0.88167852669326774
-0.86220922004554235
-0.85508631793825440
-0.78520849733523312
-0.80042385395672178
-0.87715006281445740
-0.90836554951347104
-0.85521263828135285
-0.84171354483963001
-0.78867095248447328
-1.01949317227823544
-1.10344899885844816
-1.26344453278840874
-1.20997052835173480
-1.20612680957354934
-1.55543731902383997
-1.09015253263255185
-1.17723570850968895
-1.17717694814145468
-0.97382755739906457
-0.90551250242450732
-0.90673090494399566
-0.75685990203913267
-0.63913417707364828
-0.53523024375900297
-0.43032243342030913
-0.57784794130122241
-0.64689428618071854
-0.51723585240537884
-0.53254303183130713
-0.72116777325475834
-0.69939968355635884
-0.55959174406932566
-0.49581996351139646
