0.30861024934512232
0.08381692984328912
-0.11651043110879604
-0.45993531192251352
-0.05227924471731232
-0.10513499526563358
0.29078333687150476
0.15754446679910869
-0.70061479798410220
-0.47422218507715563
0.59879661394151296
-0.59211048006382272
-0.02109350816927349
0.62895114521096251
-0.07453741860200891
-0.67835855839322634
-0.02011697161007634
-0.67264777492309580
0.41360136758687710
-1.07474145150321054
-0.22918829484424602
-1.40835790192700161
0.08745550485722647
-0.17502537687695313
-0.15232840032974210
0.38803282017016705
-0.14255245668748920
0.52690304369012908
-0.41604834375407490
0.50173421476515812
-0.06270260331772855
0.48020035274315470
-0.66342053561341963
-0.41306800833653423
0.88271331937955910
0.48633311505798488
-0.95458223021337840
-0.96332745756442673
-0.05367481438889794
0.29163972711481090
-0.06124167615968143
-0.35356212875517384
-0.33966800155114391
0.68890147770746346
-0.12598536961685805
-0.37063558373394412
0.08470229509462249
0.70103789051193099
0.85926221348036680
-0.72083266111599709
0.54696871089355426
0.06363693836514181
-0.44760235679466015
-0.41621852356409877
-0.50115671140582152
-0.03910505519691578
0.20853131065912750
-0.29603901045729852
-0.07052093823733899
0.32682175153183463
0.20585886274018617
-0.58163579597568982
-0.24140741856071832
0.11955894978474560
0.03711640882475570
0.24806189958208330
0.04752836273953525
0.05603027201156759
0.23680527437892654
-0.27127425479488465
-0.14637335978262986
0.45659559499213442
0.26494141267682947
0.09528631925599060
-0.08932617261422506
-0.20123654189952309
-0.14963418730676592
-0.01289186489909329
0.43493132331520146
0.01021483291190407
-0.21631538780115731
0.48695535059041162
-0.68172312488935172
0.01967494116625935
0.14217498674093598
0.18659010966784551
-0.40823501679515350
0.04284982392413860
0.34200027121340659
0.42772055150051991
-0.07460457863457316
-0.00506538059768761
-0.15045873493640011
-0.15063822992118514
0.15008475738987542
-0.68160134432828401
0.32273357032459976
0.14654243230191200
-0.58022318193763500
-0.04882332236501764
-0.24087368670813206
-0.03890873061562659
0.49450510346701504
0.55631932867778666
-0.23475885730923782
0.20222017510678661
0.12537025380450495
-0.27557761214975579
0.10322200536527686
-0.23993641043290487
0.65963004463332953
0.32113184272186257
-0.20942844493952067
-0.32401457858409638
0.03484877524709992
0.78548013602287936
0.11236858309676515
-0.13338726706509213
0.08378900152013904
-0.26908543189936485
0.03656563783112487
-0.49374467462021338
-0.21802244430716525
0.09953359887388952
-0.54037940161264786
-0.08288624475902255
-0.08850647421277066
-0.47052820944681684
-0.61077939596032282
0.22263882333718740
0.75052084673871400
0.41955789997491144
-0.19935525178572919
0.07232168905928237
0.12697179625839350
-0.02815571013370272
-0.02511757036904691
0.17261082120227259
-0.32729934018786766
0.37811170401086369
0.00467869079184941
0.00794028073012597
-0.19463105961875529
0.18519625391594163
0.45485875829695704
0.18432381389513861
0.14871952760890234
-0.60368423056502341
1.00418433357730308
-0.25214385079257107
0.30708347385171758
0.44195139096546165
0.25495571919456883
0.41826992296637772
0.49242851782585595
0.12150909373383642
0.03007373424337331
0.76944938626483306
1.14240573464359008
-0.33552687665047592
-0.15588667975802029
-0.25023169550966273
-0.10406089451733198
0.24865869854502581
0.67834308120142661
-0.55288888945591275
0.16273651470490810
-0.79420996476817085
-0.69003832502566786
0.79422208132998517
-0.21304795918884736
-0.45051096202163277
0.66659890139547173
0.74294785551180320
0.57440390751773662
0.08724164909826934
0.07656716063336125
-0.13553932709175115
0.17111152017095696
0.14343479215116889
0.47105463845889067
0.10680789729359810
0.28871301951368328
0.94461637989137037
-0.18677623093177448
-0.44327839327327273
0.06202235760637922
-0.40933118569529364
0.05104142174989181
-0.40055489638954883
0.05682265075882675
-0.49626435276855907
0.06119944996026463
-0.17270450281492725
-0.17579043655897122
0.40911702502314140
-1.01272132300826234
-0.25581452413125688
